25 25
0.000 0.000 0.000 0.000 0.000 0.000 0.000 0.000 0.000 0.000 0.000 0.000 0.000 0.000 0.000 0.000 0.000 0.000 0.000 0.000 0.000 0.000 0.000 0.000 0.000
0.000 0.000 0.000 0.000 0.000 0.000 0.000 0.000 0.001 0.001 0.001 0.001 0.001 0.001 0.001 0.001 0.001 0.000 0.000 0.000 0.000 0.000 0.000 0.000 0.000
0.000 0.000 0.000 0.000 0.000 0.000 0.001 0.001 0.002 0.002 0.003 0.004 0.004 0.004 0.003 0.002 0.002 0.001 0.001 0.000 0.000 0.000 0.000 0.000 0.000
0.000 0.000 0.000 0.000 0.000 0.001 0.002 0.003 0.005 0.007 0.009 0.011 0.012 0.011 0.009 0.007 0.005 0.003 0.002 0.001 0.000 0.000 0.000 0.000 0.000
0.000 0.000 0.000 0.000 0.001 0.002 0.004 0.008 0.012 0.018 0.024 0.029 0.030 0.029 0.024 0.018 0.012 0.008 0.004 0.002 0.001 0.000 0.000 0.000 0.000
0.000 0.000 0.000 0.001 0.002 0.005 0.009 0.017 0.029 0.042 0.056 0.066 0.070 0.066 0.056 0.042 0.029 0.017 0.009 0.005 0.002 0.001 0.000 0.000 0.000
0.000 0.000 0.001 0.002 0.004 0.009 0.019 0.036 0.059 0.087 0.115 0.136 0.144 0.136 0.115 0.087 0.059 0.036 0.019 0.009 0.004 0.002 0.001 0.000 0.000
0.000 0.000 0.001 0.003 0.008 0.017 0.036 0.066 0.109 0.161 0.212 0.251 0.265 0.251 0.212 0.161 0.109 0.066 0.036 0.017 0.008 0.003 0.001 0.000 0.000
0.000 0.001 0.002 0.005 0.012 0.029 0.059 0.109 0.180 0.265 0.350 0.414 0.437 0.414 0.350 0.265 0.180 0.109 0.059 0.029 0.012 0.005 0.002 0.001 0.000
0.000 0.001 0.002 0.007 0.018 0.042 0.087 0.161 0.265 0.391 0.517 0.610 0.645 0.610 0.517 0.391 0.265 0.161 0.087 0.042 0.018 0.007 0.002 0.001 0.000
0.000 0.001 0.003 0.009 0.024 0.056 0.115 0.212 0.350 0.517 0.682 0.806 0.852 0.806 0.682 0.517 0.350 0.212 0.115 0.056 0.024 0.009 0.003 0.001 0.000
0.000 0.001 0.004 0.011 0.029 0.066 0.136 0.251 0.414 0.610 0.806 0.952 1.006 0.952 0.806 0.610 0.414 0.251 0.136 0.066 0.029 0.011 0.004 0.001 0.000
0.000 0.001 0.004 0.012 0.030 0.070 0.144 0.265 0.437 0.645 0.852 1.006 1.064 1.006 0.852 0.645 0.437 0.265 0.144 0.070 0.030 0.012 0.004 0.001 0.000
0.000 0.001 0.004 0.011 0.029 0.066 0.136 0.251 0.414 0.610 0.806 0.952 1.006 0.952 0.806 0.610 0.414 0.251 0.136 0.066 0.029 0.011 0.004 0.001 0.000
0.000 0.001 0.003 0.009 0.024 0.056 0.115 0.212 0.350 0.517 0.682 0.806 0.852 0.806 0.682 0.517 0.350 0.212 0.115 0.056 0.024 0.009 0.003 0.001 0.000
0.000 0.001 0.002 0.007 0.018 0.042 0.087 0.161 0.265 0.391 0.517 0.610 0.645 0.610 0.517 0.391 0.265 0.161 0.087 0.042 0.018 0.007 0.002 0.001 0.000
0.000 0.001 0.002 0.005 0.012 0.029 0.059 0.109 0.180 0.265 0.350 0.414 0.437 0.414 0.350 0.265 0.180 0.109 0.059 0.029 0.012 0.005 0.002 0.001 0.000
0.000 0.000 0.001 0.003 0.008 0.017 0.036 0.066 0.109 0.161 0.212 0.251 0.265 0.251 0.212 0.161 0.109 0.066 0.036 0.017 0.008 0.003 0.001 0.000 0.000
0.000 0.000 0.001 0.002 0.004 0.009 0.019 0.036 0.059 0.087 0.115 0.136 0.144 0.136 0.115 0.087 0.059 0.036 0.019 0.009 0.004 0.002 0.001 0.000 0.000
0.000 0.000 0.000 0.001 0.002 0.005 0.009 0.017 0.029 0.042 0.056 0.066 0.070 0.066 0.056 0.042 0.029 0.017 0.009 0.005 0.002 0.001 0.000 0.000 0.000
0.000 0.000 0.000 0.000 0.001 0.002 0.004 0.008 0.012 0.018 0.024 0.029 0.030 0.029 0.024 0.018 0.012 0.008 0.004 0.002 0.001 0.000 0.000 0.000 0.000
0.000 0.000 0.000 0.000 0.000 0.001 0.002 0.003 0.005 0.007 0.009 0.011 0.012 0.011 0.009 0.007 0.005 0.003 0.002 0.001 0.000 0.000 0.000 0.000 0.000
0.000 0.000 0.000 0.000 0.000 0.000 0.001 0.001 0.002 0.002 0.003 0.004 0.004 0.004 0.003 0.002 0.002 0.001 0.001 0.000 0.000 0.000 0.000 0.000 0.000
0.000 0.000 0.000 0.000 0.000 0.000 0.000 0.000 0.001 0.001 0.001 0.001 0.001 0.001 0.001 0.001 0.001 0.000 0.000 0.000 0.000 0.000 0.000 0.000 0.000
0.000 0.000 0.000 0.000 0.000 0.000 0.000 0.000 0.000 0.000 0.000 0.000 0.000 0.000 0.000 0.000 0.000 0.000 0.000 0.000 0.000 0.000 0.000 0.000 0.000
